Cesium/common/data/wind/current-wind-surface-level-gfs-1.0.json
{"header": {"discipline":0,"disciplineName":"Meteorological products","gribEdition":2,"gribLength":79243,"center":7,"centerName":"US National Weather Service - NCEP(WMC)","subcenter":0,"refTime":"2019-07-22T12:00:00.000Z","significanceOfRT":1,"significanceOfRTName":"Start of forecast","productStatus":0,"productStatusName":"Operational products","productType":1,"productTypeName":"Forecast products","productDefinitionTemplate":0,"productDefinitionTemplateName":"Analysis/forecast at horizontal level/layer at a point in time","parameterCategory":2,"parameterCategoryName":"Momentum","parameterNumber":3,"parameterNumberName":"V-component_of_wind","parameterUnit":"m.s-1","genProcessType":2,"genProcessTypeName":"Forecast","forecastTime":0,"surface1Type":103,"surface1TypeName":"Specified height level above ground","surface1Value":10.0,"surface2Type":255,"surface2TypeName":"Missing","surface2Value":0.0,"gridDefinitionTemplate":0,"gridDefinitionTemplateName":"Latitude_Longitude","numberPoints":65160,"shape":6,"shapeName":"Earth spherical with radius of 6,371,229.0 m","gridUnits":"degrees","resolution":48,"winds":"true","scanMode":0,"nx":360,"ny":181,"basicAngle":0,"lo1":0.0,"la1":90.0,"lo2":359.0,"la2":-90.0,"dx":1.0,"dy":1.0}, "data":
[rows 0 to 26 of 181, columns 0 to 61 of 360]
1.622677,1.622677,1.622677,1.622677,1.622677,1.622677,1.612677,1.612677,1.612677,1.602677,1.602677,1.592677,1.592677,1.582677,1.572677,1.572677,1.562677,1.552677,1.542677,1.532677,1.522677,1.512677,1.502677,1.492677,1.482677,1.472677,1.462677,1.442677,1.432677,1.422677,1.402677,1.392677,1.372677,1.362677,1.342677,1.332677,1.312677,1.292677,1.272677,1.262677,1.242677,1.222677,1.202677,1.182677,1.162677,1.142677,1.122677,1.102677,1.082677,1.062677,1.042677,1.022677,0.992677,0.972677,0.952677,0.922677,0.902677,0.882677,0.852677,0.832677,0.802677,0.782677
-0.217323,-0.297323,-0.357323,-0.42732298,-0.497323,-0.557323,-0.627323,-0.687323,-0.757323,-0.827323,-0.897323,-0.977323,-1.047323,-1.117323,-1.207323,-1.277323,-1.347323,-1.427323,-1.507323,-1.587323,-1.667323,-1.747323,-1.817323,-1.887323,-1.967323,-2.017323,-2.027323,-2.037323,-2.037323,-2.027323,-2.007323,-1.967323,-1.927323,-1.877323,-1.817323,-1.707323,-1.577323,-1.437323,-1.307323,-1.167323,-1.027323,-0.897323,-0.777323,-0.637323,-0.507323,-0.377323,-0.317323,-0.307323,-0.297323,-0.277323,-0.267323,-0.24732299,-0.227323,-0.207323,-0.187323,-0.147323,-0.117322996,-0.077323,-0.027322998,0.022677002,0.082677,0.14267701
-1.407323,-1.627323,-1.867323,-2.107323,-2.347323,-2.577323,-2.817323,-3.017323,-3.137323,-3.217323,-3.307323,-3.347323,-3.327323,-3.267323,-3.217323,-3.147323,-3.057323,-2.987323,-2.937323,-2.897323,-2.877323,-2.817323,-2.747323,-2.677323,-2.587323,-2.507323,-2.427323,-2.357323,-2.287323,-2.227323,-2.237323,-2.217323,-2.167323,-2.097323,-2.037323,-1.877323,-1.717323,-1.517323,-1.317323,-1.127323,-0.947323,-0.767323,-0.637323,-0.527323,-0.417323,-0.317323,-0.227323,-0.157323,-0.107323,-0.077323,-0.037322998,-0.0073229983,0.022677002,0.042677,0.062677,0.082677,0.102677,0.132677,0.162677,0.182677,0.212677,0.232677
-1.417323,-1.587323,-1.767323,-1.957323,-2.127323,-2.227323,-2.317323,-2.387323,-2.467323,-2.537323,-2.587323,-2.637323,-2.677323,-2.717323,-2.757323,-2.777323,-2.787323,-2.777323,-2.727323,-2.647323,-2.557323,-2.457323,-2.347323,-2.247323,-2.137323,-2.027323,-1.907323,-1.787323,-1.627323,-1.407323,-1.137323,-0.867323,-0.577323,-0.337323,-0.097323,0.102677,0.242677,0.352677,0.472677,0.552677,0.602677,0.652677,0.652677,0.632677,0.612677,0.562677,0.482677,0.402677,0.272677,0.152677,0.032677002,-0.067323,-0.177323,-0.297323,-0.397323,-0.477323,-0.517323,-0.447323,-0.347323,-0.257323,-0.207323,-0.157323
-1.127323,-1.227323,-1.337323,-1.387323,-1.397323,-1.397323,-1.417323,-1.507323,-1.637323,-1.797323,-1.937323,-2.067323,-2.197323,-2.287323,-2.367323,-2.397323,-2.427323,-2.407323,-2.367323,-2.267323,-2.107323,-1.917323,-1.727323,-1.557323,-1.357323,-1.107323,-0.797323,-0.45732298,-0.087322995,0.29267702,0.612677,0.792677,0.872677,0.832677,0.722677,0.612677,0.502677,0.412677,0.362677,0.352677,0.372677,0.412677,0.452677,0.462677,0.432677,0.372677,0.272677,0.152677,0.012677002,-0.187323,-0.407323,-0.647323,-0.887323,-1.127323,-1.377323,-1.607323,-1.807323,-1.937323,-2.017323,-2.067323,-2.067323,-1.887323
-1.607323,-1.687323,-1.757323,-1.787323,-1.777323,-1.777323,-1.747323,-1.577323,-1.277323,-0.887323,-0.507323,-0.227323,-0.067323,-0.097323,-0.307323,-0.627323,-0.977323,-1.257323,-1.367323,-1.347323,-1.237323,-1.097323,-0.927323,-0.707323,-0.537323,-0.317323,-0.057322998,0.312677,0.722677,1.072677,1.272677,1.242677,1.092677,0.882677,0.662677,0.442677,0.282677,0.14267701,-0.0073229983,-0.107323,-0.097323,0.002677002,0.14267701,0.282677,0.442677,0.662677,0.902677,1.012677,0.952677,0.732677,0.492677,0.232677,-0.0073229983,-0.24732299,-0.597323,-0.947323,-1.277323,-1.567323,-1.867323,-2.187323,-2.487323,-2.717323
-1.527323,-1.397323,-1.357323,-1.317323,-1.087323,-0.807323,-0.517323,-0.287323,-0.087322995,-0.127323,-0.297323,-0.517323,-0.697323,-0.937323,-1.207323,-1.417323,-1.547323,-1.597323,-1.617323,-1.607323,-1.567323,-1.437323,-1.247323,-0.857323,-0.327323,0.212677,0.722677,1.122677,1.432677,1.672677,1.812677,1.822677,1.682677,1.432677,1.112677,0.742677,0.472677,0.32267702,0.192677,0.092677005,-0.0073229983,-0.097323,-0.107323,-0.0073229983,0.212677,0.492677,0.762677,1.022677,1.152677,1.142677,1.022677,0.852677,0.672677,0.452677,0.222677,-0.107323,-0.507323,-0.907323,-1.267323,-1.557323,-1.827323,-2.087323
-2.497323,-2.317323,-2.247323,-2.247323,-2.237323,-2.207323,-2.177323,-2.107323,-1.927323,-1.667323,-1.327323,-1.217323,-1.337323,-1.397323,-1.457323,-1.377323,-0.937323,-0.167323,0.382677,0.542677,0.722677,1.002677,1.402677,1.722677,1.902677,2.062677,2.392677,2.902677,3.032677,3.092677,3.202677,2.992677,2.842677,3.032677,3.362677,3.422677,3.162677,2.662677,2.092677,1.572677,1.072677,0.582677,0.132677,-0.207323,-0.417323,-0.487323,-0.377323,-0.027322998,0.572677,0.952677,0.992677,0.802677,0.492677,0.132677,-0.127323,-0.227323,-0.217323,-0.127323,-0.087322995,-0.227323,-0.45732298,-0.887323
-2.717323,-2.407323,-2.097323,-1.787323,-1.497323,-1.327323,-1.277323,-1.207323,-0.997323,-0.687323,-0.377323,-0.087322995,0.202677,0.482677,0.712677,0.912677,1.052677,1.302677,1.552677,1.792677,2.022677,2.222677,2.502677,2.812677,3.032677,3.102677,3.022677,2.752677,2.442677,2.332677,2.382677,2.302677,2.252677,2.352677,2.422677,2.602677,2.832677,2.872677,2.742677,2.372677,1.882677,1.312677,0.752677,0.282677,0.002677002,-0.127323,-0.227323,-0.327323,-0.347323,-0.397323,-0.367323,-0.387323,-0.317323,-0.227323,-0.057322998,0.042677,0.032677002,-0.097323,-0.197323,-0.177323,-0.177323,-0.347323
-1.337323,-0.937323,-0.327323,0.122677,0.232677,0.162677,0.132677,0.162677,0.32267702,0.622677,0.942677,1.132677,1.132677,0.942677,0.862677,1.052677,1.522677,1.992677,2.482677,2.682677,2.532677,2.472677,2.442677,2.302677,2.032677,1.752677,1.582677,1.602677,1.542677,1.312677,0.942677,0.482677,-0.0073229983,-0.217323,0.372677,1.062677,1.392677,1.542677,1.752677,2.082677,2.462677,2.982677,3.342677,3.382677,3.292677,3.362677,3.222677,2.832677,2.142677,2.262677,2.442677,1.552677,1.082677,1.302677,2.112677,2.032677,2.162677,1.912677,0.542677,0.792677,1.612677,1.242677
-1.347323,-1.247323,-1.017323,-0.707323,-0.527323,-0.417323,-0.407323,-0.437323,-0.267323,-0.0073229983,0.002677002,-0.24732299,-0.727323,-0.977323,-1.277323,-0.777323,0.012677002,0.32267702,-1.047323,-1.107323,-0.787323,-0.737323,-1.157323,-1.617323,-0.477323,-0.217323,0.122677,-1.167323,-1.997323,-1.837323,-2.057323,-1.987323,-1.327323,-0.587323,-0.037322998,0.412677,0.852677,1.362677,1.932677,2.452677,2.812677,3.062677,3.232677,3.362677,3.422677,3.432677,3.432677,3.162677,2.882677,3.102677,3.112677,2.402677,2.802677,2.232677,2.292677,2.022677,1.232677,0.862677,1.082677,1.182677,1.132677,1.182677
-1.587323,-1.537323,-1.427323,-1.347323,-1.307323,-1.167323,-0.947323,-0.947323,-0.407323,0.072677,0.692677,1.352677,1.522677,1.532677,2.172677,2.432677,2.672677,0.772677,0.492677,0.252677,-0.507323,-1.327323,-1.147323,-0.497323,0.382677,0.952677,1.202677,1.242677,1.472677,1.612677,1.742677,2.062677,2.852677,3.632677,4.122677,4.432677,4.652677,4.692677,4.602677,4.402677,4.202677,4.112677,4.132677,4.212677,4.402677,4.262677,3.722677,3.552677,3.512677,3.632677,3.842677,4.062677,4.152677,4.082677,3.832677,3.502677,3.062677,2.512677,2.032677,1.492677,1.062677,0.662677
-1.457323,-1.527323,-1.467323,-1.477323,-1.477323,-1.077323,-0.617323,0.022677002,1.132677,2.342677,2.972677,3.512677,4.022677,3.962677,2.782677,1.382677,0.93267703,0.772677,0.32267702,2.442677,6.122677,5.032677,2.292677,1.472677,2.312677,4.202677,4.722677,4.712677,4.872677,4.912677,5.502677,5.492677,5.302677,5.372677,5.582677,5.692677,5.682677,5.642677,5.542677,5.282677,5.032677,4.832677,4.642677,4.442677,4.312677,4.142677,3.732677,3.272677,2.812677,2.472677,2.552677,2.972677,3.262677,3.342677,3.312677,3.202677,3.142677,3.232677,3.302677,3.062677,2.522677,1.882677
-0.087322995,-0.097323,0.29267702,1.302677,1.552677,2.202677,2.622677,2.382677,2.062677,1.782677,1.462677,1.402677,1.452677,1.332677,0.802677,-1.107323,-2.037323,-0.667323,2.412677,3.812677,3.832677,3.252677,2.382677,1.932677,1.932677,2.652677,2.862677,2.902677,3.342677,3.912677,4.332677,4.352677,4.722677,5.332677,5.652677,5.372677,5.262677,5.512677,5.332677,5.212677,5.192677,5.182677,4.922677,4.532677,4.232677,4.022677,3.812677,3.622677,3.432677,3.272677,3.062677,2.882677,2.852677,2.882677,3.002677,3.212677,3.392677,3.962677,3.952677,3.412677,2.702677,1.822677
-0.627323,-0.687323,0.362677,1.512677,1.852677,1.772677,1.482677,1.012677,0.68267703,0.532677,0.582677,0.112677,-0.147323,0.212677,0.402677,-0.067323,-0.377323,-0.557323,-0.497323,-0.047323,1.082677,1.542677,1.752677,1.862677,1.952677,1.812677,1.882677,2.362677,3.112677,3.452677,3.772677,4.112677,4.772677,5.122677,5.212677,5.362677,5.572677,5.672677,5.832677,5.722677,5.482677,5.082677,4.892677,4.702677,4.412677,4.232677,4.022677,3.692677,3.372677,3.002677,2.852677,2.782677,2.792677,2.722677,2.752677,2.902677,3.242677,4.142677,5.342677,5.242677,3.612677,1.292677
-0.467323,-0.337323,-0.45732298,-0.887323,-1.427323,-1.637323,-1.997323,-1.857323,-1.747323,-1.797323,-2.577323,-3.247323,-3.277323,-2.497323,-1.537323,-0.777323,0.172677,-0.747323,-1.637323,-0.887323,-0.357323,-0.367323,0.092677005,0.282677,0.342677,0.702677,2.552677,3.332677,3.792677,4.442677,4.982677,5.312677,5.642677,5.832677,6.182677,6.492677,6.762677,6.912677,6.842677,6.622677,6.452677,6.172677,5.712677,5.292677,4.702677,4.192677,3.952677,4.092677,3.982677,3.872677,3.202677,2.662677,3.432677,4.242677,3.782677,3.672677,3.702677,1.412677,-0.467323,-1.507323,-1.007323,-1.717323
-1.677323,-2.127323,-2.777323,-3.017323,-3.097323,-3.427323,-3.777323,-4.387323,-4.507323,-4.217323,-3.427323,-2.097323,-0.627323,0.652677,1.672677,2.102677,2.542677,2.942677,3.552677,3.632677,3.372677,2.952677,2.822677,2.842677,3.092677,3.762677,4.402677,4.892677,5.672677,5.702677,5.802677,6.042677,6.562677,7.082677,7.652677,8.252677,8.512677,8.402677,8.222677,8.022677,7.542677,7.102677,6.532677,5.722677,5.022677,4.612677,4.372677,4.082677,3.732677,3.082677,2.292677,2.202677,2.072677,1.232677,-0.027322998,-1.267323,-0.45732298,-1.087323,1.062677,4.342677,2.802677,1.402677
-3.827323,-4.107323,-4.327323,-4.717323,-5.187323,-5.987323,-5.587323,-4.377323,-3.077323,-0.24732299,3.932677,6.732677,7.292677,7.772677,8.132677,8.302677,7.732677,6.682677,6.372677,6.252677,5.842677,4.962677,4.512677,3.522677,3.062677,3.042677,2.752677,3.982677,5.082677,5.892677,6.552677,6.842677,7.422677,8.132677,9.022677,9.732677,10.312677,10.322677,9.792677,9.182677,8.092677,7.322677,6.682677,6.072677,5.302677,4.562677,4.092677,3.352677,2.352677,1.582677,0.762677,-0.117322996,-1.857323,-3.177323,-2.697323,-2.147323,1.502677,2.362677,1.292677,1.222677,0.302677,-1.267323
-4.217323,-3.987323,-4.367323,-5.247323,-5.607323,-4.987323,-1.777323,1.982677,5.702677,7.112677,7.902677,8.502677,8.532677,8.502677,8.452677,8.102677,7.482677,6.792677,6.022677,5.822677,5.972677,6.032677,4.862677,3.412677,2.352677,1.592677,1.392677,1.722677,3.352677,4.682677,7.042677,7.272677,7.672677,8.392677,8.922677,9.462677,9.722677,9.522677,9.162677,8.672677,8.332677,7.832677,6.762677,5.722677,4.952677,4.272677,3.542677,2.382677,1.082677,-0.237323,-1.847323,-3.777323,-4.867323,-2.687323,-2.607323,0.32267702,0.982677,0.662677,-0.467323,-1.117323,-1.207323,-1.757323
-2.887323,-2.917323,-3.137323,-3.777323,-3.587323,-1.427323,3.642677,5.442677,6.952677,8.072677,8.832677,8.732677,8.472677,8.572677,8.262677,7.932677,7.422677,5.752677,4.562677,3.292677,2.082677,-0.017322998,-0.987323,-1.287323,-2.317323,-0.507323,7.802677,5.672677,4.992677,6.502677,5.192677,7.302677,8.112677,8.082677,8.422677,8.652677,8.662677,8.752677,8.462677,8.122677,7.632677,6.842677,5.992677,5.032677,4.122677,3.202677,1.882677,0.462677,-0.987323,-2.417323,-3.567323,-4.787323,-5.147323,-2.677323,-2.407323,-0.127323,3.132677,1.632677,0.902677,-0.657323,-1.817323,-2.197323
-1.577323,-1.357323,-1.047323,-1.107323,1.772677,2.802677,4.742677,6.442677,7.672677,8.242677,8.632677,8.342677,8.182677,8.282677,8.132677,7.272677,5.892677,3.482677,2.032677,1.432677,-3.837323,1.112677,-0.207323,4.832677,7.072677,7.222677,7.332677,6.812677,6.152677,6.012677,2.252677,2.252677,4.842677,6.632677,6.762677,6.862677,7.422677,7.662677,7.152677,6.552677,5.972677,5.562677,4.892677,4.172677,3.182677,2.002677,0.822677,-0.167323,-1.037323,-2.137323,-3.127323,-3.767323,-3.897323,-3.557323,-2.877323,-2.037323,-2.257323,-3.737323,-4.247323,-2.007323,-2.807323,-2.567323
0.352677,-0.24732299,0.352677,2.762677,4.912677,5.292677,5.572677,6.472677,7.032677,7.272677,7.622677,7.752677,8.082677,7.972677,8.412677,5.572677,2.882677,1.902677,-0.217323,-1.387323,3.922677,6.892677,7.592677,7.362677,6.432677,6.002677,5.172677,3.682677,3.852677,3.452677,3.882677,5.392677,3.932677,2.902677,3.652677,2.952677,2.012677,5.562677,5.432677,5.162677,4.802677,3.692677,2.422677,1.522677,0.902677,-0.577323,-2.407323,-4.687323,-3.587323,-2.857323,-4.397323,-4.887323,-4.547323,-3.967323,-2.957323,-2.667323,-3.437323,-4.397323,-5.507323,-6.727323,-6.507323,-4.077323
4.482677,5.612677,6.122677,5.872677,5.202677,5.342677,5.932677,5.842677,5.442677,6.112677,6.622677,6.352677,6.322677,6.072677,4.412677,4.662677,-1.287323,-0.477323,0.902677,6.342677,8.582677,6.182677,6.032677,4.922677,4.122677,3.572677,3.072677,2.932677,1.902677,2.682677,2.472677,1.982677,3.342677,2.822677,-0.187323,2.282677,1.122677,-0.677323,-0.717323,-0.167323,3.362677,2.402677,-0.667323,-3.347323,-3.057323,-1.807323,-2.387323,-3.777323,-3.627323,-4.867323,-5.247323,-4.797323,-5.227323,-5.137323,-5.947323,-5.967323,-5.657323,-5.567323,-4.477323,-5.567323,-4.787323,-3.897323
5.322677,5.682677,5.832677,5.422677,5.422677,5.652677,5.902677,6.462677,5.632677,5.362677,5.282677,4.732677,4.012677,3.832677,0.002677002,-2.957323,2.512677,0.68267703,5.472677,5.342677,4.642677,4.432677,4.092677,3.962677,3.392677,2.722677,1.952677,1.162677,2.572677,1.952677,2.992677,2.772677,2.342677,1.732677,1.452677,-0.397323,-1.327323,-2.377323,-0.417323,0.332677,-0.117322996,-1.077323,-3.127323,-4.437323,-3.427323,-4.347323,-7.647323,-9.307323,-3.287323,-4.417323,-4.537323,-5.097323,-5.247323,-6.637323,-5.447323,-4.457323,-4.807323,-5.087323,-5.327323,-5.217323,-4.577323,-4.047323
6.052677,6.592677,6.922677,7.002677,6.692677,6.642677,6.012677,5.392677,5.442677,4.652677,4.122677,2.802677,1.852677,-0.607323,-1.377323,2.212677,1.032677,4.232677,4.102677,4.502677,4.062677,3.782677,3.932677,3.452677,3.052677,2.152677,2.022677,1.152677,-0.147323,1.442677,0.542677,0.022677002,2.402677,0.762677,-0.857323,4.522677,4.052677,2.642677,2.792677,-0.647323,-4.167323,-6.747323,-4.137323,-5.177323,-4.947323,-3.447323,-3.417323,-3.317323,-2.657323,-2.547323,-2.967323,-3.767323,-2.837323,-2.797323,-3.247323,-4.007323,-4.107323,-6.267323,-4.217323,-3.437323,-4.867323,-3.137323
7.462677,7.992677,8.602677,7.482677,6.372677,5.692677,5.242677,4.742677,4.232677,3.062677,1.202677,-0.887323,-2.107323,-0.547323,2.542677,4.212677,3.572677,3.932677,3.982677,3.642677,2.862677,1.802677,2.212677,0.412677,-0.897323,-1.487323,1.392677,1.932677,2.042677,0.742677,-0.217323,0.992677,1.772677,0.512677,-0.907323,0.072677,-3.137323,-2.627323,-4.347323,-7.047323,-4.827323,-2.977323,-3.297323,-3.357323,-3.757323,-3.567323,-3.047323,-3.027323,-3.327323,-3.527323,-3.187323,-3.797323,-4.127323,-5.157323,-5.457323,-3.647323,-3.927323,-3.817323,-4.457323,-2.147323,-0.267323,-4.137323
9.062677,10.932677,11.062677,9.782677,7.942677,5.382677,3.082677,1.752677,0.002677002,-2.607323,-2.357323,1.032677,0.922677,1.842677,2.812677,1.192677,-0.267323,1.512677,3.802677,3.902677,2.752677,0.412677,-1.327323,-4.187323,0.852677,2.872677,3.682677,2.202677,1.072677,-0.067323,-0.24732299,0.132677,0.442677,-0.037322998,-2.107323,-3.087323,-2.187323,-4.387323,-3.977323,-2.767323,-3.527323,-2.867323,-2.717323,-3.347323,-3.277323,-3.197323,-3.597323,-3.757323,-3.907323,-3.967323,-3.717323,-4.627323,-5.057323,-5.127323,-4.187323,-2.837323,-2.967323,-4.597323,-2.227323,-1.437323,-4.367323,-4.157323
