Cesium/common/data/wind/current-wind-surface-level-gfs-1.0.json
{"header": {"discipline":0,"disciplineName":"Meteorological products","gribEdition":2,"gribLength":78999,"center":7,"centerName":"US National Weather Service - NCEP(WMC)","subcenter":0,"refTime":"2019-07-22T12:00:00.000Z","significanceOfRT":1,"significanceOfRTName":"Start of forecast","productStatus":0,"productStatusName":"Operational products","productType":1,"productTypeName":"Forecast products","productDefinitionTemplate":0,"productDefinitionTemplateName":"Analysis/forecast at horizontal level/layer at a point in time","parameterCategory":2,"parameterCategoryName":"Momentum","parameterNumber":2,"parameterNumberName":"U-component_of_wind","parameterUnit":"m.s-1","genProcessType":2,"genProcessTypeName":"Forecast","forecastTime":0,"surface1Type":103,"surface1TypeName":"Specified height level above ground","surface1Value":10.0,"surface2Type":255,"surface2TypeName":"Missing","surface2Value":0.0,"gridDefinitionTemplate":0,"gridDefinitionTemplateName":"Latitude_Longitude","numberPoints":65160,"shape":6,"shapeName":"Earth spherical with radius of 6,371,229.0 m","gridUnits":"degrees","resolution":48,"winds":"true","scanMode":0,"nx":360,"ny":181,"basicAngle":0,"lo1":0.0,"la1":90.0,"lo2":359.0,"la2":-90.0,"dx":1.0,"dy":1.0}, "data":
[rows 50 to 74 of 181, columns 116 to 173 of 360]
0.2150293,0.7150293,-1.0649707,-0.24497071,3.4350293,4.335029,1.2750293,-0.3749707,-1.1249707,-0.5449707,-0.024970703,2.6650293,5.025029,10.04503,1.2650293,1.0750293,3.6450293,5.985029,6.7050295,2.6450293,2.1850293,1.6550293,0.7450293,-2.2549708,-0.5349707,-0.6749707,-3.9349706,-4.8249707,-4.4649706,-4.4449706,-5.124971,-5.434971,-6.5049706,-5.6349707,-8.104971,-8.384971,-9.604971,-10.634971,-11.604971,-11.814971,-12.184971,-12.064971,-11.254971,-11.234971,-11.154971,-10.95497,-10.604971,-8.99497,-7.7549706,-9.78497,-10.384971,-9.82497,-9.7949705,-9.28497,-8.78497,-8.484971,-7.5049706,-7.2549706
0.7850293,-2.3049707,-8.07497,-2.4849708,-2.2049706,-0.7649707,0.68502927,-0.42497072,1.9750293,1.7850293,0.7550293,1.3150293,6.0350294,2.5750294,0.7450293,1.2150292,2.8450294,4.9750295,4.605029,3.6450293,4.275029,2.6250293,1.7450293,-2.6849706,-2.9249706,-0.084970705,-3.1949706,-5.0349708,-4.494971,-4.7549706,-5.1549706,-5.684971,-4.8149705,-5.8849707,-7.124971,-9.504971,-10.99497,-11.004971,-11.434971,-11.434971,-11.964971,-11.614971,-10.984971,-9.844971,-11.064971,-11.08497,-10.674971,-9.2949705,-9.504971,-9.344971,-9.094971,-9.344971,-8.694971,-8.754971,-7.5949707,-6.454971,-7.0549707,-7.124971
-0.9349707,-0.5349707,-7.4249706,-7.394971,-5.664971,-0.3649707,1.0450293,1.0150293,1.3450294,-1.3749707,0.3850293,1.2650293,0.06502929,4.4650292,3.5250292,2.9650292,3.6250293,3.9350293,3.2350292,3.6750293,4.9650292,2.2150292,-0.42497072,-2.7949708,-0.6149707,-1.8649707,-3.7149706,-5.854971,-4.764971,-4.5349708,-4.954971,-5.0949707,-5.0049706,-5.434971,-6.644971,-8.274971,-8.924971,-9.5449705,-10.474971,-10.004971,-9.804971,-9.32497,-7.894971,-8.82497,-9.644971,-9.724971,-9.554971,-7.4849706,-5.7949705,-1.2049707,-2.7249708,-3.7349708,-3.8649707,-2.0349708,-2.5249708,0.5950293,2.2450292,2.2550292
-1.1949707,-0.3849707,-1.0649707,-2.0049708,-1.9249707,-1.7949708,-0.45497072,-0.9449707,-0.3649707,-0.054970704,1.0250293,1.8150293,0.7450293,1.4950293,4.8050294,4.2150292,4.7450294,4.9050293,4.625029,3.7150292,3.8350294,0.68502927,-0.084970705,-1.3349707,0.4650293,-0.5049707,-4.0649705,-5.6349707,-4.3349705,-3.9949708,-3.4549706,-4.7349706,-3.8449707,-4.3149705,-6.1349707,-7.124971,-7.0249705,-7.394971,-9.404971,-8.144971,-6.894971,-3.9049706,-3.6449707,-2.5249708,-2.9949708,-4.9649706,-7.3049707,-6.5249705,-4.0449705,-0.9149707,1.0750293,-0.5049707,-1.3849707,-0.13497071,-0.3649707,0.4350293,1.9050293,2.7450292
-3.3049707,-1.7549707,-1.7149707,-1.0749707,-1.5149707,-3.1849706,-3.0849707,-1.8649707,-1.1049707,-0.014970703,1.4450293,0.9550293,1.5450293,1.4050293,4.8050294,6.7450294,5.9450293,7.2250295,6.2250295,4.2250295,-0.7649707,0.1750293,-0.11497071,0.3750293,-1.7249707,-6.684971,-5.7849708,-6.204971,-4.2949705,-3.1549706,-2.9449706,-4.644971,-2.4649706,-3.0049708,-3.6449707,-5.264971,-5.684971,-5.974971,-6.224971,-6.3349705,-4.164971,-3.4749708,-2.3949707,-1.5949707,-1.2049707,-1.8549707,-2.1749706,-2.0749707,-4.4049706,-1.8849707,-0.39497072,-0.7149707,-0.9349707,1.9950293,1.7450293,1.2250293,1.5350293,1.4850293
-2.4649706,-4.0849705,-4.224971,-3.4549706,-4.3249707,-4.0349708,-3.4549706,-3.0449708,-1.7849708,-0.7249707,0.1550293,0.4150293,2.5850294,4.235029,7.0550294,6.775029,6.775029,1.2250293,0.4650293,1.8050293,-0.1949707,-2.2949708,0.68502927,1.7350293,2.2550292,6.2450294,-4.0849705,-5.1749706,-4.474971,-2.4949708,-2.6549706,-3.6249707,-0.9449707,-1.4249707,-0.8049707,-1.0549707,-1.2649707,-1.4949707,-1.2749707,-2.4549706,-1.8449707,-1.3949707,-1.2249707,-1.2849708,-1.4349707,-0.2649707,-3.1949706,-2.9849708,-3.1849706,-2.8149707,-2.3249707,-1.1849707,-0.39497072,0.3350293,0.6250293,1.0850292,0.9850293,0.8650293
-1.2249707,-3.6449707,-3.7549708,-3.7149706,-3.1149707,-3.6849706,-2.8049707,-2.9249706,-2.1449707,-0.8249707,0.4350293,-1.1449707,3.4850292,4.525029,6.1650295,2.6550293,0.6150293,1.8150293,1.4350293,-1.1049707,1.8250293,3.3250294,4.6650295,4.625029,3.6750293,2.3850293,-4.8349705,-4.204971,-4.704971,-2.4649706,-2.1649706,-1.6649708,-0.7749707,0.7850293,1.2550293,1.4250293,3.0050292,4.565029,5.2050295,3.3350294,1.0850292,1.1150293,0.5250293,-0.7749707,-1.7849708,-1.0849707,-2.8849707,-3.6449707,-4.4249706,-2.7449708,-2.4149706,-1.3049707,-1.0549707,-1.0249707,-0.4749707,0.2450293,-0.2349707,-0.6149707
-1.6749707,-2.1949706,-3.0849707,-2.8049707,-3.1649706,-3.5649707,-3.3749707,-3.4049706,-2.6549706,-1.6249707,-1.0449708,2.2350292,2.8550293,2.7150292,1.4350293,1.2850293,1.8950293,1.4050293,8.145029,5.835029,5.025029,3.0850294,3.4350293,2.9950292,2.4550292,0.5750293,-1.1649708,-5.4049706,-2.8249707,-2.5049708,-2.1449707,-0.6849707,1.1350293,2.4350293,3.1050293,5.4050293,5.045029,5.6650295,6.4150295,5.3450294,3.7550292,2.4650292,0.4850293,-0.1449707,1.2650293,-1.2749707,-1.9049706,-3.5349708,-2.2749708,-3.2549708,-1.9949707,-1.7049707,-2.2349708,-1.9049706,-1.3249707,-0.7849707,-1.8549707,-2.4349706
0.4650293,-3.0549707,-2.6649706,-1.8449707,-2.9449706,-2.7849708,-2.8549707,-2.3849707,-2.5049708,-1.6849707,-1.2449707,0.6450293,1.4150293,1.5950294,0.29502928,1.8250293,4.9650292,5.275029,5.105029,4.8050294,2.9350293,2.1250293,2.3550293,2.8550293,0.7650293,0.2050293,0.2550293,-0.9149707,-2.6549706,-1.9249707,-1.2049707,0.1350293,1.7950293,4.4150295,4.3850293,5.5950294,6.645029,7.8450294,7.355029,5.1550293,4.505029,2.9250293,0.7150293,1.4150293,0.1250293,-0.8349707,-0.2349707,-3.3849707,-2.1549706,-2.2149706,-2.6949706,-2.6649706,-3.0349708,-2.2849708,-2.3749707,-2.7949708,-2.2549708,-3.0749707
-0.5249707,1.6950293,-0.8449707,-1.1749707,-1.4149708,-1.6549706,-0.9149707,-0.6349707,-1.3849707,-1.4749707,-0.7549707,-0.4949707,0.5750293,1.3650293,1.9450293,4.085029,4.2450294,3.8450294,3.0750294,2.3950293,1.8750293,1.2550293,0.9050293,1.0550293,1.3250293,1.7650293,2.5850294,2.7850294,-0.9849707,-0.3349707,0.1050293,-0.6549707,1.7650293,3.0250292,4.755029,6.145029,6.125029,6.545029,5.9050293,4.645029,3.2150292,1.8750293,2.9650292,0.9550293,0.06502929,-1.0749707,-3.3449707,-2.9949708,-3.6149707,-2.4749708,-3.3649707,-2.9449706,-2.4249706,-2.4149706,-3.3949707,-3.4849708,-4.4249706,-4.1149707
-1.7749707,-0.2749707,-0.1949707,0.3850293,0.1850293,-0.2549707,-1.1549706,-0.7449707,-0.7849707,-1.1549706,-1.2249707,0.005029297,0.22502929,0.8150293,1.1450293,2.1450293,1.7950293,1.4650292,0.9050293,0.3150293,-0.5749707,-0.39497072,-1.0049707,-0.1749707,-0.6349707,1.1850293,0.5350293,1.7550293,0.2050293,1.0450293,0.6350293,1.9650292,2.3350294,1.7750293,2.2950294,3.4350293,4.1150293,4.5750294,3.3250294,3.1350293,2.2250292,1.5950294,2.3850293,0.6450293,-1.6449707,-1.6349707,-2.2749708,-2.5949707,-3.1149707,-3.4249706,-2.7449708,-3.1049707,-2.9349706,-3.8749707,-4.0849705,-4.4449706,-4.454971,-4.5349708
0.7750293,-0.5249707,0.6050293,0.8550293,-1.0149707,-0.6249707,-0.2049707,-0.8549707,-1.6749707,-0.9149707,-1.3649707,-0.9649707,-0.6949707,-0.3749707,0.3350293,0.32502928,-0.3349707,-0.5049707,-0.6949707,-2.6349707,-2.4249706,-2.9549706,-2.5549707,-2.3049707,-2.3449707,0.2850293,1.0650293,-0.21497071,0.9050293,1.0450293,0.7950293,2.1350293,1.0750293,1.2250293,2.6950293,3.0150292,3.1850293,3.3350294,2.8150294,3.0550294,3.1250293,3.3350294,-0.1949707,-0.1049707,-0.7649707,-0.7049707,-0.6849707,-3.3349707,-3.6949706,-3.8949707,-3.3049707,-3.5349708,-3.4649706,-4.434971,-5.1949706,-5.0049706,-4.5849705,-5.0449705
0.1050293,-0.6449707,-0.1549707,0.3850293,-1.3749707,0.9550293,1.5650293,-1.0949707,-1.2049707,-1.3349707,-0.3549707,-2.3549707,-2.6549706,-1.5849707,-1.3749707,-2.2649708,-2.1349707,-2.2149706,-4.0849705,-3.5949707,-3.9149706,-4.5849705,-4.224971,-3.6749706,-1.5549707,-2.9049706,-0.1049707,1.0250293,0.2150293,-0.9649707,1.0650293,1.2950293,0.9950293,2.9350293,1.4750293,1.4950293,1.8450294,3.2850294,3.8150294,3.6550293,4.9250293,2.5350294,1.2950293,-0.39497072,-1.3849707,-1.2549707,-2.4849708,-1.5849707,-2.9149706,-3.9949708,-3.6049707,-3.7949708,-4.5249705,-5.5349708,-5.514971,-6.2349706,-5.124971,-5.7149706
-0.6049707,-0.5349707,0.1950293,-0.5449707,-0.9649707,2.5150292,2.8950293,1.3850293,0.5850293,-2.6249707,-0.8049707,-1.1949707,-3.2649708,-2.8449707,-3.1849706,-3.8049707,-3.7349708,-3.8349707,-4.624971,-5.7149706,-6.0349708,-5.8149705,-6.0549707,-5.704971,-4.7149706,-2.8549707,-1.3149707,-1.1649708,-0.8749707,-0.8349707,-0.7749707,0.3750293,1.0350293,2.2050292,2.1550293,2.7550292,2.0950294,3.1550293,2.0650294,2.4450293,4.395029,3.6250293,1.9650292,-0.1449707,0.8250293,-2.0049708,-2.8749707,-3.6549706,-4.644971,-4.1749706,-4.764971,-4.854971,-5.2149706,-6.0249705,-6.014971,-6.5049706,-5.7749705,-6.3449707
-1.1049707,-0.56497073,-0.054970704,-0.1549707,3.3350294,3.8050294,0.8650293,1.4550292,-1.6549706,-1.8649707,-2.5849707,-2.7749708,-4.0049706,-3.5349708,-3.5249708,-4.104971,-4.474971,-5.8049707,-6.0849705,-6.5649705,-7.244971,-4.8849707,-2.7049706,-2.8149707,-2.1849706,-3.5449708,-2.8549707,-1.8249707,-1.3249707,-2.2049706,-1.9049706,-1.0149707,-0.7649707,1.0250293,1.2750293,0.6750293,0.9550293,2.1550293,4.395029,3.8750293,3.2050292,4.145029,2.7050292,-0.0949707,-0.4649707,-2.0049708,-2.2349708,-3.8949707,-3.9949708,-4.6949706,-4.934971,-5.1149707,-4.854971,-5.0349708,-5.7849708,-6.7949705,-5.724971,-5.8049707
-0.5149707,-0.4449707,0.1650293,3.3550293,4.085029,3.6550293,0.6550293,-0.084970705,-3.1049707,-2.0649707,-3.5949707,-3.2349708,-4.514971,-4.8349705,-5.0249705,-5.9049706,-5.5049706,-5.8049707,-5.8649707,-5.514971,-4.7149706,-5.454971,-3.3449707,-4.8149705,-5.6349707,-3.0649707,-2.3249707,-3.3049707,-2.7449708,-2.3849707,-2.8749707,-1.7949708,-0.7249707,0.1950293,0.7050293,0.3150293,0.9450293,3.1050293,3.4150293,2.8850293,3.7350292,2.8350294,2.3350294,0.35502928,-0.9949707,-3.2049706,-4.0649705,-4.5449705,-5.264971,-4.7149706,-4.7349706,-6.1149707,-5.434971,-4.704971,-5.1349707,-5.0949707,-6.0649705,-6.394971
-1.6349707,-0.4649707,1.9950293,1.1650293,0.4350293,-1.2749707,1.4050293,-0.7949707,-2.5949707,-3.5049708,-3.1649706,-3.9149706,-4.974971,-5.5349708,-5.994971,-5.3849707,-5.8349705,-5.4849706,-4.914971,-4.244971,-3.4549706,-6.6149707,-5.5349708,-3.5549707,-4.414971,-4.7949705,-1.6149707,-3.5149708,-3.3549707,-3.4949708,-3.4649706,-2.4649706,-0.2849707,0.3150293,0.4050293,1.0450293,2.1050293,2.4550292,2.2850294,1.9450293,1.7850293,1.2650293,0.1950293,-0.2649707,-2.4349706,-4.7749705,-5.0549707,-5.0649705,-5.8849707,-5.664971,-5.434971,-5.704971,-5.5049706,-5.0849705,-6.0549707,-6.724971,-6.184971,-6.3449707
-0.24497071,-3.2249708,-1.2549707,-1.8549707,-1.4949707,-0.6149707,1.2650293,-0.9849707,-2.8949707,-4.4849706,-3.3549707,-4.3849707,-4.514971,-5.0649705,-5.0349708,-5.0749707,-5.5949707,-5.764971,-5.0349708,-0.8649707,-3.3749707,-5.5049706,-7.0049706,-4.3149705,-5.5849705,-4.2749705,-3.8949707,-2.5549707,-4.7349706,-3.9849708,-3.5949707,-2.6149707,-1.8549707,-0.9549707,-0.4749707,0.4450293,0.1150293,0.7050293,0.2350293,0.2850293,0.1750293,-0.1849707,-0.8049707,-1.6249707,-3.4149706,-5.4049706,-6.5649705,-5.8049707,-5.914971,-6.7849708,-6.4249706,-6.2849708,-6.164971,-6.4249706,-6.724971,-6.1749706,-7.0049706,-6.6749706
-2.0849707,-1.9949707,-0.5249707,-1.3549707,-0.1749707,-2.0749707,-0.7949707,-1.8249707,-3.2649708,-4.8449707,-4.3449707,-4.434971,-4.914971,-4.724971,-4.224971,-3.7549708,-4.724971,-3.0249708,-4.0749707,-2.8749707,-1.4249707,-3.7149706,-3.9749708,-7.1749706,-5.954971,-4.014971,-5.1749706,-5.1949706,-3.8549707,-5.104971,-4.2349706,-3.8549707,-3.1049707,-3.2349708,-2.5149708,-1.8949707,-0.9149707,-1.3849707,-0.9049707,-1.0849707,-1.7449707,-0.8849707,-2.0149708,-1.9649707,-3.0349708,-5.7749705,-7.1749706,-6.8449707,-7.1749706,-7.0949707,-7.264971,-6.8449707,-7.184971,-7.4049706,-7.224971,-6.5749707,-7.914971,-7.204971
-0.0049707033,-0.034970704,-0.4949707,-3.0149708,-0.24497071,-0.5349707,-1.9049706,-2.4149706,-3.2949708,-5.2149706,-4.974971,-4.7949705,-5.0349708,-5.184971,-4.2749705,-3.5049708,-4.8849707,-3.1149707,-3.2349708,-2.1749706,-1.3649707,-1.7349707,-1.7849708,-4.0349708,-5.474971,-4.684971,-5.8049707,-5.3349705,-4.744971,-3.5349708,-3.4949708,-2.1349707,-2.7849708,-3.6449707,-2.6149707,-1.7949708,-2.4449706,-2.2749708,-2.3949707,-3.1149707,-2.6449707,-1.6449707,-3.5049708,-3.3949707,-3.4849708,-5.8449707,-7.894971,-6.8149705,-8.054971,-7.604971,-7.8049707,-7.374971,-7.474971,-7.7549706,-8.064971,-8.104971,-8.134971,-8.354971
2.7350292,1.3950293,0.4850293,-2.7349708,1.4750293,0.2150293,-2.3149707,-2.7949708,-3.4149706,-4.4649706,-4.4849706,-4.474971,-4.5749707,-5.144971,-3.6749706,-2.9149706,-3.1949706,-2.2949708,-1.9149708,-3.8149707,0.1350293,-0.6949707,-2.2149706,-4.1349707,-5.2849708,-5.0449705,-5.494971,-4.7949705,-4.3849707,-4.854971,-4.2849708,-3.3049707,-2.6549706,-4.604971,-4.0649705,-4.144971,-4.4249706,-3.2949708,-3.2749708,-2.8849707,-3.1549706,-3.2449708,-3.4949708,-3.2249708,-4.4449706,-5.5949707,-6.7949705,-7.2549706,-7.624971,-7.8849707,-8.03497,-7.4449706,-7.5849705,-8.104971,-8.37497,-8.444971,-8.91497,-8.82497
2.7950294,4.085029,4.3650293,-0.2249707,0.2750293,-1.7049707,-3.3849707,-3.4949708,-3.7749708,-4.374971,-4.8049707,-4.974971,-4.6349707,-4.0749707,-2.5849707,-2.0749707,-2.6449707,-1.9149708,-1.8049707,-2.6149707,-1.6549706,-2.0949707,-2.6449707,-3.2049706,-3.9649706,-4.144971,-5.204971,-5.874971,-5.5749707,-5.5949707,-4.514971,-3.1949706,-3.8949707,-4.5449705,-5.0949707,-4.144971,-4.494971,-4.2849708,-3.9649706,-2.3949707,-3.8449707,-3.7949708,-4.5249705,-3.3549707,-4.7749705,-5.1149707,-6.2349706,-7.3149705,-7.8049707,-7.5849705,-7.164971,-7.0249705,-6.8449707,-7.5549707,-7.0949707,-8.944971,-8.254971,-9.24497
3.2550292,2.4150293,2.6950293,1.7550293,-0.5549707,0.5650293,-1.4749707,-2.7149706,-3.6549706,-4.4849706,-3.8549707,-2.9349706,-4.9649706,-4.7849708,-2.9649706,-3.2149706,-3.2749708,-2.0649707,-2.1049707,-2.0949707,-1.9949707,-2.7349708,-4.3849707,-3.7049706,-3.5049708,-3.9849708,-4.8649707,-4.5649705,-4.9649706,-5.4049706,-4.394971,-4.6949706,-5.1149707,-4.8249707,-5.184971,-5.3149705,-5.5549707,-4.354971,-4.374971,-3.2949708,-4.4449706,-4.0449705,-2.8849707,-4.164971,-4.124971,-5.5349708,-6.224971,-7.264971,-7.624971,-7.8149705,-7.374971,-5.8349705,-7.164971,-7.014971,-6.9649706,-7.354971,-8.5449705,-8.5449705
2.9850292,2.6550293,3.9150293,3.1250293,2.0850294,0.6450293,-2.7049706,-2.2549708,-3.7549708,-3.6049707,-3.6249707,-3.1649706,-3.5749707,-4.0949707,-3.5349708,-2.1449707,-3.9249706,-4.5349708,-2.9149706,-1.2049707,-2.8349707,-3.4049706,-3.7649708,-3.6949706,-3.4549706,-4.3249707,-4.414971,-4.9049706,-4.7149706,-4.7549706,-5.0749707,-4.934971,-5.3149705,-5.374971,-5.744971,-5.0249705,-4.204971,-3.7349708,-4.1749706,-4.5049706,-4.7849708,-4.3649707,-5.5649705,-4.4049706,-3.3449707,-5.104971,-6.2949705,-6.244971,-6.474971,-6.3249707,-7.0449705,-7.974971,-6.494971,-6.8649707,-7.0949707,-7.414971,-7.9049706,-8.304971
2.4850292,2.6150293,3.1650293,3.1750293,-0.0049707033,-0.4049707,-2.7849708,-2.1949706,-2.2149706,-3.1949706,-2.8749707,-3.4049706,-2.8949707,-2.6549706,-2.9949708,-3.7149706,2.3550293,-0.4849707,-1.7349707,-0.2049707,-2.4549706,-3.5349708,-2.3649707,-3.6949706,-2.6649706,-4.014971,-4.1749706,-4.664971,-4.474971,-4.724971,-4.4449706,-4.2549706,-5.4849706,-5.744971,-5.9249706,-4.764971,-5.3449707,-4.5549707,-4.5749707,-5.184971,-5.0749707,-5.3449707,-5.3049707,-4.514971,-3.1249707,-3.4349706,-3.9149706,-3.8949707,-4.4649706,-3.8949707,-6.0449705,-6.664971,-7.644971,-7.144971,-7.1149707,-7.0449705,-7.9649706,-8.184971
