Cesium/common/data/wind/current-wind-surface-level-gfs-1.0.json
{"header": {"discipline":0,"disciplineName":"Meteorological products","gribEdition":2,"gribLength":78999,"center":7,"centerName":"US National Weather Service - NCEP(WMC)","subcenter":0,"refTime":"2019-07-22T12:00:00.000Z","significanceOfRT":1,"significanceOfRTName":"Start of forecast","productStatus":0,"productStatusName":"Operational products","productType":1,"productTypeName":"Forecast products","productDefinitionTemplate":0,"productDefinitionTemplateName":"Analysis/forecast at horizontal level/layer at a point in time","parameterCategory":2,"parameterCategoryName":"Momentum","parameterNumber":2,"parameterNumberName":"U-component_of_wind","parameterUnit":"m.s-1","genProcessType":2,"genProcessTypeName":"Forecast","forecastTime":0,"surface1Type":103,"surface1TypeName":"Specified height level above ground","surface1Value":10.0,"surface2Type":255,"surface2TypeName":"Missing","surface2Value":0.0,"gridDefinitionTemplate":0,"gridDefinitionTemplateName":"Latitude_Longitude","numberPoints":65160,"shape":6,"shapeName":"Earth spherical with radius of 6,371,229.0 m","gridUnits":"degrees","resolution":48,"winds":"true","scanMode":0,"nx":360,"ny":181,"basicAngle":0,"lo1":0.0,"la1":90.0,"lo2":359.0,"la2":-90.0,"dx":1.0,"dy":1.0}, "data":
[rows 125 to 149 of 181, columns 232 to 289 of 360]
11.42503,12.4550295,12.985029,13.315029,13.4550295,12.975029,12.315029,11.495029,9.615029,9.7050295,6.8050294,4.9550295,4.085029,4.815029,2.2450292,2.3650293,1.8450294,2.0350294,-1.6649708,-1.7449707,-1.0949707,-1.5449708,-1.5849707,-1.5449708,-2.9049706,-2.8849707,-2.3249707,-3.2449708,-2.8249707,-3.5849707,-2.9249706,-2.6049707,-3.4149706,-2.1549706,-3.5249708,-1.6349707,-0.4649707,0.8650293,-0.11497071,0.3350293,-0.4149707,-0.4749707,-1.1249707,-0.1749707,0.9850293,0.025029296,0.5650293,0.4750293,1.9050293,1.7450293,1.2250293,1.0650293,2.1250293,1.7450293,0.2150293,-0.11497071,-0.6049707,-2.2549708
11.605029,12.535029,12.985029,12.775029,11.745029,11.735029,11.935029,11.7050295,11.16503,9.845029,7.7150292,5.395029,4.735029,3.9650292,2.5750294,2.8450294,2.4550292,2.5150292,0.4950293,-0.6049707,0.4650293,-1.5549707,-1.1849707,-0.24497071,-1.8149707,-2.4149706,-1.9649707,-1.6549706,-2.2749708,-2.1949706,-0.9449707,-1.9849707,-1.2549707,-2.1649706,-1.5749707,-1.1149707,-0.1949707,0.055029295,0.7850293,0.3750293,0.1550293,0.025029296,0.4750293,0.5150293,0.1950293,0.5550293,1.2450293,2.3550293,0.9250293,1.3250293,1.0250293,1.3150293,1.6850293,0.7650293,-0.8249707,-1.8649707,0.1050293,-2.3949707
12.04503,12.535029,12.385029,12.345029,12.075029,11.035029,11.325029,11.515029,10.16503,8.845029,7.8250294,6.255029,5.235029,3.7250292,2.9050293,3.0350294,4.275029,2.5350294,1.0150293,1.5550293,1.0150293,0.06502929,-1.1449707,0.5350293,-1.0549707,-1.5049707,-1.8149707,-0.7749707,-2.0649707,-1.8849707,-0.24497071,-1.8649707,-2.2749708,-1.3649707,-1.0849707,-0.8749707,-0.3049707,0.4150293,0.9750293,0.4450293,0.3650293,0.2150293,0.7650293,1.0950294,0.7650293,1.5050293,0.6650293,1.5750293,0.5650293,0.4650293,0.35502928,0.8850293,1.8350292,0.93502927,0.6050293,-1.1449707,-1.9849707,1.4850293
10.865029,11.825029,11.775029,12.2050295,12.105029,11.075029,11.015029,10.235029,9.775029,8.16503,6.985029,6.6950293,5.7650294,4.585029,3.8250294,3.3350294,4.085029,2.9050293,3.2150292,2.0750294,1.6050293,1.1450293,0.35502928,1.1350293,0.1350293,-0.8549707,-1.0549707,-1.4049706,-0.2749707,-1.2449707,0.3950293,0.7750293,-2.0149708,1.1450293,-0.024970703,-1.3249707,0.7550293,0.8950293,1.6450293,1.2250293,0.6350293,1.5350293,1.8850293,2.1050293,1.4050293,1.8450294,1.3050293,0.7550293,1.1950293,1.6350293,1.2150292,1.9150293,1.8650293,1.5250293,1.3350292,-0.7649707,-0.4749707,2.5950294
10.305029,9.765029,10.66503,10.975029,10.7050295,9.92503,9.365029,9.25503,9.185029,7.5350294,6.775029,7.1750293,6.3850293,6.2850294,4.5750294,3.9650292,4.125029,3.0750294,4.085029,3.5450294,2.4850292,1.4050293,2.0050292,1.2950293,-0.014970703,-0.21497071,-0.7549707,-0.2049707,0.9850293,0.1350293,1.8950293,0.9750293,2.2150292,0.4550293,0.5850293,0.9650293,1.7750293,2.3550293,2.0850294,1.7350293,1.4950293,1.1650293,1.2550293,1.6150293,1.8850293,0.9750293,1.4650292,1.1150293,1.4350293,1.1450293,1.8050293,2.3650293,0.8850293,2.2750292,2.0150292,-1.1549706,-0.1749707,1.3550293
10.515029,10.395029,10.365029,9.655029,10.385029,10.185029,9.655029,8.46503,8.08503,7.4350295,7.2650294,7.1350293,6.5750294,6.335029,4.9050293,4.4250293,4.045029,3.4750292,3.2450292,2.8950293,4.2250295,2.4650292,2.5850294,1.5550293,0.6950293,-0.4949707,-0.8949707,0.4450293,0.8450293,1.8050293,1.7750293,2.8850293,1.4850293,2.2450292,3.6350293,2.8250294,2.4150293,2.6750293,3.2250292,2.4350293,2.2950294,2.9650292,2.3450294,2.1450293,2.3050294,1.1150293,2.0050292,2.0750294,2.1650293,2.2250292,2.7850294,2.6850293,2.4050293,2.5750294,0.1550293,0.1150293,1.0650293,2.4250293
10.475029,9.225029,9.08503,9.575029,9.265029,9.365029,9.535029,8.4550295,7.1650295,7.545029,7.6650295,6.7150292,6.4050293,5.755029,5.585029,3.9150293,4.1950293,3.2050292,3.4550292,3.2150292,3.8650293,6.045029,2.5650294,1.3650293,0.1050293,-0.7549707,-0.2549707,0.6750293,2.0650294,2.6050293,3.0750294,3.6350293,4.235029,3.9250293,4.835029,4.4150295,3.6350293,3.4950292,3.3650293,3.8150294,3.2850294,3.8150294,2.9450293,2.9650292,2.9950292,3.4350293,2.7150292,3.0150292,2.7850294,3.4650292,2.7050292,4.005029,3.4650292,2.8450294,1.2750293,0.7650293,1.9750293,1.8350292
7.3050294,6.985029,6.9250293,7.395029,8.785029,8.17503,8.62503,8.33503,8.275029,7.7250295,7.2850294,7.0750294,6.4250293,5.6950293,5.1750293,3.9150293,3.0650294,4.1850295,3.7650292,2.9550292,3.1950293,4.4550295,3.1050293,0.32502928,0.6350293,-0.56497073,-0.1949707,0.6150293,2.7450292,3.6850293,3.5650294,4.7150292,5.255029,4.1550293,4.9150295,1.9250293,4.065029,4.9450293,4.9450293,4.6650295,5.1150293,4.7850294,4.4350295,4.085029,4.4150295,3.5750294,3.8050294,4.105029,3.0850294,3.1750293,3.8250294,4.485029,6.775029,6.0950294,2.0550294,3.2950294,2.2550292,1.7450293
6.4150295,6.2150292,6.5550294,6.8850293,7.545029,8.695029,9.845029,9.015029,8.805029,8.035029,6.2150292,5.8650293,5.6650295,6.375029,4.9350295,3.7150292,3.6250293,4.1750293,4.0350294,3.9650292,3.7750292,3.7350292,2.6350293,-0.1649707,-0.6149707,-1.3049707,0.29502928,0.6150293,2.7350292,3.2850294,3.9350293,5.1150293,4.4050293,4.1950293,5.085029,5.6750293,5.5750294,5.335029,5.6750293,5.2150292,6.045029,5.6750293,5.565029,5.2650294,4.7850294,5.045029,5.295029,4.4950294,4.5950294,4.1350293,4.335029,4.9450293,5.7450294,6.4550295,0.9450293,3.7850294,2.0550294,1.6950293
5.735029,5.875029,6.9350295,9.67503,10.885029,11.405029,11.635029,10.365029,8.155029,6.755029,4.895029,4.545029,4.6150293,5.3450294,3.4950292,3.2850294,3.6750293,3.9750292,3.8450294,4.2850294,3.2350292,1.6450293,-0.7449707,-1.5849707,-2.8249707,-1.2449707,0.0850293,0.5250293,2.8650293,3.9950292,3.9450293,4.6850295,4.1550293,4.1150293,5.9650292,6.525029,6.6950293,6.5350294,7.3850293,6.8250294,6.3850293,6.315029,6.5350294,5.895029,5.895029,5.855029,6.235029,5.835029,5.8050294,5.335029,4.505029,4.985029,6.0150294,6.235029,5.6950293,1.1550293,1.8550293,3.5050292
4.755029,5.1550293,6.6650295,7.3050294,9.385029,12.865029,15.885029,11.605029,6.9350295,3.6450293,3.4650292,2.2450292,3.2050292,2.8250294,2.2250292,2.6350293,3.1750293,3.6150293,2.2950294,3.3250294,1.1150293,0.1950293,-1.8449707,-3.0049708,-2.1149707,0.5550293,0.3650293,1.3850293,2.8850293,3.0950294,3.6850293,3.7050292,4.8450294,4.7250295,6.625029,7.1150293,7.0550294,7.2450294,7.4150295,7.9550295,6.525029,7.0750294,7.485029,7.065029,7.085029,6.9250293,7.355029,6.295029,6.7150292,5.8850293,5.7050295,5.4150295,5.4450293,5.1750293,0.5750293,0.5550293,1.4850293,11.325029
2.9850292,3.7950294,4.1650295,4.1950293,4.5750294,4.1950293,-0.6549707,-1.7249707,-1.3449707,-0.7449707,0.5850293,-0.1649707,0.6450293,0.3950293,0.6050293,1.9450293,2.9850292,2.7550292,2.5150292,2.9350293,1.2250293,-0.3049707,-0.6049707,-0.2249707,-0.1049707,-0.8649707,-0.2549707,0.9050293,3.2150292,4.065029,4.0350294,4.8850293,5.6550293,7.4050293,7.4550295,7.7250295,8.475029,8.515029,7.3250294,8.135029,8.17503,8.095029,8.54503,8.605029,8.46503,8.595029,8.115029,8.135029,7.585029,7.105029,6.9550295,6.6650295,5.6750293,1.8550293,0.3850293,3.1450293,2.7450292,8.805029
2.3950293,2.7350292,1.9950293,1.4450293,0.2650293,-1.8049707,-6.1349707,-6.854971,-5.3649707,-2.9749708,-2.0049708,-2.4649706,-2.4749708,-1.1449707,-0.3249707,1.3150293,1.4450293,1.5250293,1.1550293,0.6250293,1.1250293,0.015029297,-0.3749707,0.045029297,-0.8049707,-1.6249707,1.6950293,3.2050292,3.2550292,4.8450294,5.9450293,5.5750294,7.1850295,8.4550295,7.895029,8.58503,8.745029,9.17503,9.025029,9.355029,9.275029,9.395029,10.135029,10.04503,9.9550295,10.115029,9.555029,9.275029,8.75503,8.46503,8.21503,7.4250293,6.6650295,5.9350295,0.1650293,2.4550292,2.9150293,8.21503
1.5250293,0.8250293,0.3750293,-0.3049707,-0.4449707,-3.3549707,-5.3249707,-7.4849706,-9.614971,-6.1949706,-5.204971,-4.514971,-3.9349706,-2.8849707,-0.3249707,0.3950293,0.5850293,-0.054970704,0.095029294,0.1650293,0.3150293,-0.13497071,-0.5449707,-0.6649707,-0.56497073,-0.4449707,1.2050292,3.5450294,5.315029,5.8850293,5.7850294,6.375029,6.4250293,8.185029,8.96503,9.195029,10.025029,10.08503,10.095029,10.405029,10.615029,10.485029,10.655029,11.305029,10.92503,9.995029,10.565029,10.235029,10.17503,10.065029,9.83503,9.485029,8.355029,2.0550294,3.3550293,1.9150293,5.545029,10.865029
1.3250293,0.2050293,-0.9449707,-1.9149708,-2.1049707,-3.8249707,-4.684971,-5.1749706,-5.3049707,-5.3849707,-5.0649705,-3.8549707,-2.5249708,-0.8849707,-0.1649707,0.2150293,-1.1749707,0.095029294,-0.124970704,-1.2749707,-0.124970704,-1.5449708,-1.4849707,-0.39497072,-0.56497073,0.8850293,1.5050293,3.1250293,3.8650293,4.815029,4.9950294,6.0950294,7.6950293,8.565029,9.54503,9.535029,10.305029,10.525029,11.225029,10.775029,11.075029,11.515029,11.635029,12.275029,11.50503,12.095029,11.33503,11.105029,11.525029,11.50503,11.725029,10.75503,9.055029,0.4150293,-0.044970702,2.9750292,5.4650292,1.6150293
0.025029296,-0.8349707,-1.9249707,-2.1149707,-3.0949707,-3.7949708,-3.9849708,-5.2149706,-3.7549708,-3.8749707,-3.0749707,-3.0849707,-2.7049706,-1.6949707,-1.4349707,-1.5449708,-0.39497072,-1.1249707,-0.5549707,-0.3749707,-1.2949708,-0.9549707,-1.4849707,-1.7049707,-1.6249707,0.4350293,1.9550292,2.2850294,2.2550292,3.8850293,5.025029,7.2150292,8.645029,8.75503,9.385029,10.365029,10.58503,11.155029,10.895029,11.195029,12.345029,11.895029,12.54503,12.62503,12.71503,12.135029,12.855029,12.265029,12.2050295,11.91503,11.9550295,11.83503,10.475029,8.46503,0.7450293,2.9150293,0.9750293,4.875029
0.3050293,-0.9849707,-1.5649707,-2.6649706,-3.1949706,-3.9849708,-5.2149706,-5.264971,-5.3649707,-4.704971,-2.9349706,-2.7249708,-2.9549706,-2.9549706,-2.6149707,-3.1549706,-2.8749707,-2.2349708,-2.1249707,-2.0349708,-2.7249708,-3.0749707,-2.7849708,-2.7449708,-1.6149707,-1.6449707,-0.034970704,0.9650293,1.5550293,4.4350295,6.0950294,8.195029,8.655029,8.735029,9.46503,9.945029,10.595029,11.135029,11.265029,12.33503,12.695029,12.29503,12.805029,12.75503,12.96503,12.695029,12.71503,12.96503,12.815029,12.33503,12.345029,12.055029,11.725029,9.745029,1.3150293,2.5750294,3.9050293,4.085029
0.035029296,-0.9349707,-2.2049706,-2.5549707,-3.4549706,-4.5449705,-6.434971,-6.8449707,-7.4649706,-7.4249706,-6.9849706,-7.3349705,-6.5049706,-5.7349706,-5.644971,-5.514971,-5.414971,-5.934971,-5.624971,-6.1149707,-5.6549706,-5.5749707,-5.244971,-3.1549706,-1.9649707,-0.6349707,0.5650293,2.2050292,4.895029,5.8450294,7.005029,8.185029,8.12503,8.945029,9.385029,10.355029,10.975029,11.015029,11.805029,11.495029,12.41503,12.67503,13.155029,13.075029,13.42503,12.9550295,13.245029,13.075029,12.975029,12.275029,11.985029,12.345029,12.475029,11.745029,9.695029,4.6150293,8.305029,10.87503
1.3150293,-0.4649707,-1.3049707,-2.7849708,-4.3849707,-4.974971,-5.5249705,-7.624971,-7.764971,-8.74497,-8.364971,-8.58497,-9.144971,-8.854971,-8.32497,-8.444971,-8.304971,-8.444971,-7.2949705,-5.8449707,-4.724971,-2.0549707,-2.4149706,-2.3449707,-1.2349707,1.0050293,3.1550293,3.7750292,5.255029,6.9550295,7.775029,8.155029,7.9450293,8.575029,8.83503,9.445029,10.695029,10.265029,11.645029,12.055029,12.75503,13.075029,13.565029,13.535029,13.535029,13.605029,13.225029,13.475029,13.265029,13.325029,12.87503,13.21503,13.42503,13.605029,10.535029,9.145029,2.7250292,10.04503
2.9550292,1.4450293,-0.8549707,-1.7049707,-2.9649706,-4.5549707,-6.164971,-5.994971,-4.744971,-6.2349706,-7.014971,-6.9849706,-8.0449705,-6.0949707,-6.684971,-6.5249705,-5.5849705,-5.7149706,-5.124971,-4.3849707,-4.5949707,-4.124971,-2.8949707,-1.2649707,1.3250293,2.8850293,3.8650293,5.145029,6.2150292,6.7650294,7.2650294,7.235029,8.17503,8.66503,9.495029,10.275029,10.765029,11.635029,12.075029,12.475029,13.2050295,13.50503,13.83503,13.91503,14.345029,14.495029,14.195029,13.735029,13.58503,13.50503,12.805029,13.855029,14.385029,14.25503,13.9550295,12.555029,9.095029,12.96503
4.3450294,2.9350293,1.0350293,-0.21497071,-1.2549707,-2.1749706,-2.8249707,-3.7749708,-4.7749705,-5.2349706,-4.724971,-5.5449705,-5.974971,-5.7749705,-5.3649707,-4.9849706,-3.7849708,-3.4749708,-3.0549707,-2.7949708,-2.1149707,-0.9249707,0.2650293,1.4450293,2.1350293,3.4050293,4.025029,4.815029,5.4650292,6.4150295,6.9650292,7.985029,8.66503,9.645029,10.04503,10.645029,11.025029,10.87503,11.195029,10.725029,11.745029,11.485029,12.91503,12.9550295,13.075029,12.365029,12.935029,13.115029,13.815029,15.595029,13.655029,15.095029,14.535029,13.905029,14.195029,14.04503,13.785029,12.725029
4.355029,3.4150293,2.6650293,1.2750293,0.8150293,0.3850293,-0.3149707,-1.1549706,-2.1349707,-2.5849707,-2.8349707,-3.3549707,-3.4549706,-3.2049706,-3.4049706,-3.5549707,-3.2349708,-3.0449708,-2.3849707,-1.7649707,-1.6149707,-1.1049707,-0.2949707,0.9050293,2.6850293,3.8350294,4.755029,5.4950294,6.895029,7.525029,7.085029,6.7650294,7.275029,7.6150293,8.08503,9.265029,10.00503,10.385029,10.91503,11.555029,11.83503,12.155029,12.435029,12.745029,13.04503,13.195029,13.645029,14.345029,14.66503,14.475029,15.315029,15.46503,13.58503,12.985029,11.92503,12.805029,12.985029,13.365029
3.2350292,3.2350292,3.0650294,3.1050293,2.7150292,2.6050293,2.0450294,0.9250293,0.9250293,0.5850293,0.005029297,-0.6349707,-1.3549707,-1.4749707,-1.2049707,-1.1549706,-0.7949707,-0.2249707,0.5650293,1.1050293,1.0350293,1.6050293,3.0650294,1.7850293,-0.9449707,-0.0949707,2.1450293,2.6450293,4.1150293,5.7450294,5.525029,6.375029,6.8450294,7.545029,8.015029,8.995029,9.92503,10.945029,10.9550295,11.435029,11.96503,12.435029,12.2050295,12.37503,12.775029,13.37503,13.785029,14.04503,14.58503,14.50503,14.275029,13.685029,13.325029,12.565029,11.855029,11.695029,11.285029,12.04503
4.045029,3.6750293,4.145029,4.4150295,4.485029,3.6750293,3.1150293,1.4250293,1.8250293,1.7650293,0.035029296,0.6450293,-0.2349707,-1.7949708,-1.4549707,-0.8749707,-1.8849707,-1.9049706,-2.0749707,-1.7349707,-0.8449707,-0.2049707,0.7750293,1.2650293,1.7450293,3.2850294,3.6250293,4.105029,4.7050295,5.375029,6.1650295,6.5750294,7.3850293,7.7650294,8.21503,9.105029,9.285029,10.16503,11.015029,11.16503,11.485029,11.4550295,11.275029,11.725029,12.355029,13.145029,13.195029,13.445029,13.325029,12.935029,12.555029,12.54503,11.815029,10.635029,10.515029,10.41503,9.855029,8.695029
3.1050293,4.0350294,4.4350295,5.125029,4.4650292,3.6350293,3.7550292,3.9250293,3.5850294,3.5150292,2.9050293,0.4050293,0.8650293,2.3350294,2.0850294,1.6050293,1.7650293,1.9250293,2.0750294,2.0450294,2.2750292,3.0350294,3.3850293,4.005029,3.8250294,4.4350295,5.1950293,5.6750293,5.875029,6.375029,6.875029,7.3850293,7.565029,8.555029,8.825029,9.245029,9.395029,9.695029,9.995029,10.435029,10.695029,11.225029,11.46503,11.995029,12.29503,12.865029,12.555029,12.04503,11.42503,10.985029,10.785029,10.275029,9.71503,9.885029,9.12503,8.4550295,7.9250293,7.0550294
