Cesium/common/data/wind/current-wind-surface-level-gfs-1.0.json
{"header": {"discipline":0,"disciplineName":"Meteorological products","gribEdition":2,"gribLength":79243,"center":7,"centerName":"US National Weather Service - NCEP(WMC)","subcenter":0,"refTime":"2019-07-22T12:00:00.000Z","significanceOfRT":1,"significanceOfRTName":"Start of forecast","productStatus":0,"productStatusName":"Operational products","productType":1,"productTypeName":"Forecast products","productDefinitionTemplate":0,"productDefinitionTemplateName":"Analysis/forecast at horizontal level/layer at a point in time","parameterCategory":2,"parameterCategoryName":"Momentum","parameterNumber":3,"parameterNumberName":"V-component_of_wind","parameterUnit":"m.s-1","genProcessType":2,"genProcessTypeName":"Forecast","forecastTime":0,"surface1Type":103,"surface1TypeName":"Specified height level above ground","surface1Value":10.0,"surface2Type":255,"surface2TypeName":"Missing","surface2Value":0.0,"gridDefinitionTemplate":0,"gridDefinitionTemplateName":"Latitude_Longitude","numberPoints":65160,"shape":6,"shapeName":"Earth spherical with radius of 6,371,229.0 m","gridUnits":"degrees","resolution":48,"winds":"true","scanMode":0,"nx":360,"ny":181,"basicAngle":0,"lo1":0.0,"la1":90.0,"lo2":359.0,"la2":-90.0,"dx":1.0,"dy":1.0}, "data":
[rows 54 to 80 of 181, columns 248 to 309 of 360]
0.582677,-2.127323,1.602677,1.862677,5.992677,0.502677,-1.337323,-3.467323,-5.297323,-5.217323,-6.427323,-5.907323,-6.537323,-7.677323,-5.107323,-3.567323,-4.097323,-2.377323,0.422677,1.062677,-0.577323,-0.507323,1.742677,3.072677,1.332677,1.352677,1.142677,1.512677,2.122677,1.002677,-1.257323,-0.24732299,1.942677,2.322677,3.292677,2.782677,4.062677,3.792677,3.562677,3.832677,3.812677,3.962677,3.972677,4.122677,3.042677,3.022677,3.262677,3.512677,2.582677,2.132677,2.142677,1.692677,2.112677,2.022677,1.782677,1.492677,1.732677,2.522677,1.332677,1.942677,1.412677,2.282677
-2.327323,-1.087323,2.502677,0.502677,-0.697323,-1.167323,-2.277323,-6.587323,-8.407323,-7.987323,-6.937323,-7.807323,-6.137323,-6.277323,-5.067323,-4.977323,-1.667323,0.002677002,-0.867323,-1.467323,-2.127323,1.552677,3.012677,2.482677,1.622677,1.842677,0.672677,1.972677,0.522677,-1.227323,0.93267703,1.162677,1.162677,2.202677,2.102677,1.292677,3.352677,3.332677,2.842677,4.082677,4.282677,4.152677,4.262677,3.462677,2.422677,2.172677,2.282677,1.392677,1.362677,1.472677,2.032677,1.872677,2.952677,1.652677,1.292677,0.432677,0.942677,1.512677,1.462677,2.032677,1.412677,2.092677
1.622677,-0.737323,-0.687323,-2.697323,-1.387323,-3.477323,-4.357323,-3.817323,-7.087323,-7.737323,-6.027323,-6.707323,-6.537323,-4.847323,-3.847323,-0.807323,0.442677,0.372677,-0.42732298,-0.277323,0.952677,1.592677,2.302677,1.422677,1.702677,0.952677,1.022677,1.612677,1.132677,0.29267702,0.902677,0.452677,1.432677,2.272677,1.622677,3.402677,4.192677,3.292677,2.442677,2.662677,2.852677,3.252677,3.282677,2.722677,1.952677,1.302677,1.072677,1.202677,0.882677,0.522677,0.602677,0.462677,0.852677,0.712677,0.172677,-0.067323,0.672677,1.532677,1.622677,1.642677,2.262677,1.782677
0.162677,0.762677,0.012677002,1.292677,1.132677,-2.697323,-1.167323,-4.427323,-5.327323,-3.577323,0.162677,0.772677,-1.187323,-0.907323,1.112677,1.212677,1.592677,0.762677,0.412677,0.902677,0.902677,2.082677,2.092677,1.062677,0.862677,1.092677,0.872677,1.112677,0.632677,1.012677,0.902677,0.522677,0.902677,1.632677,2.092677,2.322677,3.002677,3.182677,2.782677,2.972677,3.172677,3.092677,2.612677,2.332677,1.342677,1.122677,1.142677,-0.997323,-0.437323,0.212677,0.352677,0.132677,-0.167323,-0.617323,-0.327323,0.272677,0.362677,0.522677,0.462677,1.102677,1.892677,1.462677
4.182677,3.902677,2.552677,4.432677,-2.037323,-1.367323,-0.077323,-0.617323,-3.047323,2.222677,1.612677,2.402677,2.772677,2.162677,1.252677,1.852677,1.672677,1.212677,0.14267701,-0.337323,0.992677,0.992677,0.622677,0.632677,1.032677,1.292677,1.072677,0.642677,1.532677,1.662677,0.712677,0.532677,2.182677,2.512677,3.672677,3.382677,3.932677,3.882677,3.872677,3.822677,3.472677,2.902677,2.142677,1.322677,0.29267702,0.652677,0.152677,1.352677,0.032677002,0.362677,-0.197323,-0.547323,-0.607323,-0.56732297,-0.897323,-1.317323,0.14267701,-1.127323,0.052677,1.122677,2.272677,1.602677
0.792677,-0.487323,-1.207323,-1.107323,2.302677,-3.317323,-2.477323,-1.527323,2.222677,3.082677,5.382677,3.932677,4.092677,2.682677,1.422677,1.642677,0.902677,0.082677,-0.207323,-0.087322995,0.182677,0.782677,0.102677,0.072677,-0.307323,-0.207323,-0.157323,-0.177323,0.822677,0.702677,0.162677,3.012677,4.512677,4.072677,4.462677,5.032677,5.182677,5.152677,4.252677,3.382677,2.572677,2.512677,2.562677,2.132677,2.872677,1.472677,1.112677,0.112677,1.052677,0.702677,0.032677002,0.082677,-0.067323,0.172677,-0.157323,0.072677,-0.357323,-0.337323,-0.307323,0.832677,1.312677,2.022677
1.482677,2.672677,3.352677,-0.257323,0.252677,-0.017322998,-1.097323,-0.797323,-1.077323,-0.927323,2.972677,3.432677,3.042677,1.822677,1.642677,0.592677,-0.017322998,0.092677005,-0.697323,-0.017322998,0.162677,-0.207323,0.452677,-0.507323,1.322677,0.192677,0.532677,-1.417323,2.782677,1.392677,0.912677,3.052677,3.822677,3.682677,4.732677,3.832677,4.262677,4.052677,3.902677,3.722677,4.102677,4.572677,4.332677,3.392677,3.262677,3.302677,2.602677,0.962677,0.29267702,0.612677,0.602677,0.442677,0.392677,0.282677,-0.387323,-0.447323,0.432677,0.552677,0.332677,1.582677,1.062677,1.242677
3.942677,1.432677,-0.347323,1.142677,-1.147323,-1.287323,-3.087323,0.382677,-1.717323,1.892677,1.202677,1.462677,-0.237323,-0.227323,0.302677,0.742677,-0.937323,0.452677,2.222677,3.532677,3.042677,1.872677,1.222677,-0.017322998,2.122677,1.662677,-0.207323,2.202677,3.532677,2.142677,-0.357323,0.282677,1.822677,1.892677,2.682677,2.832677,2.902677,2.952677,3.532677,3.812677,4.242677,4.142677,3.912677,4.082677,3.742677,3.382677,2.682677,1.522677,2.352677,1.832677,1.562677,1.882677,0.652677,-1.117323,-0.037322998,-0.357323,0.042677,1.132677,1.672677,1.122677,1.782677,1.602677
3.212677,2.072677,0.982677,-0.787323,-0.977323,-1.857323,-1.677323,-0.747323,-0.367323,-1.017323,-0.337323,-1.107323,0.272677,-0.497323,-0.967323,2.472677,3.292677,4.272677,3.382677,2.932677,3.052677,1.812677,1.252677,1.722677,0.762677,-0.057322998,-0.097323,2.512677,3.472677,2.112677,0.042677,-0.447323,0.592677,1.002677,0.372677,1.732677,1.902677,3.072677,2.772677,2.852677,3.322677,4.622677,4.052677,3.382677,2.772677,2.202677,1.592677,0.392677,-0.507323,-1.187323,-0.617323,-0.977323,-0.707323,1.152677,0.672677,1.612677,2.752677,2.602677,2.272677,2.012677,2.432677,1.672677
-2.507323,3.032677,3.512677,1.022677,0.212677,0.29267702,0.582677,0.612677,-1.097323,-0.097323,-1.267323,0.862677,2.612677,2.432677,1.022677,3.482677,3.312677,3.272677,3.582677,1.842677,1.322677,2.902677,3.002677,2.502677,1.732677,1.102677,1.442677,2.272677,2.542677,0.592677,0.232677,-1.217323,-0.45732298,-0.057322998,-0.027322998,1.762677,1.892677,2.652677,2.522677,1.752677,2.912677,3.022677,2.612677,2.512677,1.832677,0.772677,1.062677,-0.057322998,0.072677,0.552677,0.742677,1.262677,2.322677,1.232677,1.322677,1.502677,1.142677,1.082677,1.622677,2.442677,2.042677,2.152677
-0.387323,1.892677,4.872677,0.102677,-0.81732297,-0.637323,-0.317323,0.232677,0.532677,-2.507323,-2.347323,-0.507323,1.272677,3.222677,1.672677,3.702677,2.972677,2.292677,1.322677,4.352677,5.472677,4.812677,3.912677,2.802677,2.662677,2.522677,2.032677,2.022677,2.302677,1.272677,-0.907323,-2.517323,-1.537323,-1.657323,1.102677,2.302677,3.732677,3.702677,4.732677,3.572677,3.872677,4.482677,3.322677,1.512677,1.072677,0.742677,-0.527323,-0.887323,0.842677,1.062677,0.32267702,-0.047323,2.632677,1.962677,2.152677,2.452677,1.732677,1.012677,1.262677,1.342677,0.432677,0.782677
-0.317323,0.992677,3.082677,3.252677,-0.227323,-0.807323,-0.947323,-0.56732297,0.892677,-0.747323,1.632677,0.162677,0.122677,0.872677,2.972677,5.492677,3.902677,3.132677,3.602677,4.902677,4.162677,4.752677,4.412677,3.282677,2.792677,1.902677,0.922677,0.912677,2.032677,4.872677,2.862677,-0.347323,-1.477323,-2.667323,-0.487323,5.432677,5.622677,4.812677,4.412677,4.632677,5.992677,4.772677,3.012677,0.752677,0.752677,0.942677,0.872677,0.722677,0.052677,0.32267702,2.832677,3.502677,3.162677,2.012677,2.432677,1.342677,-0.027322998,0.472677,0.852677,-0.047323,-0.357323,-2.217323
-2.417323,-3.667323,-0.857323,2.202677,2.592677,-0.777323,-0.24732299,0.412677,2.562677,0.532677,5.562677,1.552677,2.422677,4.432677,2.522677,4.552677,4.262677,3.672677,4.572677,3.332677,3.942677,4.172677,4.712677,4.042677,2.622677,2.142677,0.552677,0.942677,2.482677,4.322677,3.262677,1.082677,-1.967323,-2.487323,-2.007323,4.912677,7.652677,4.692677,4.292677,5.022677,4.782677,3.622677,2.832677,1.232677,0.93267703,0.832677,1.092677,1.312677,2.332677,2.562677,2.442677,2.122677,1.912677,1.922677,1.902677,1.302677,1.432677,1.002677,0.502677,-0.557323,-1.057323,-0.157323
-4.017323,-3.537323,-0.727323,3.542677,2.932677,1.192677,-0.127323,-0.067323,-0.717323,1.032677,2.742677,-0.497323,-0.147323,0.852677,0.302677,4.182677,3.742677,4.282677,4.182677,3.502677,3.932677,5.492677,5.322677,3.792677,2.442677,1.822677,1.262677,2.022677,1.822677,1.592677,1.062677,1.632677,-0.147323,-1.157323,-0.637323,5.112677,5.252677,4.502677,3.772677,4.272677,4.182677,3.032677,2.392677,1.442677,0.68267703,0.512677,0.942677,2.262677,2.512677,1.342677,2.022677,1.462677,1.952677,1.662677,1.212677,0.382677,0.762677,0.052677,-0.297323,-0.087322995,0.222677,0.012677002
-1.997323,2.112677,2.632677,4.422677,2.852677,1.862677,0.032677002,-0.187323,-1.547323,-1.317323,1.592677,-0.947323,0.032677002,-1.067323,0.802677,4.002677,5.262677,4.762677,3.542677,3.482677,4.132677,7.852677,5.662677,3.812677,2.242677,1.302677,0.972677,0.652677,0.172677,1.052677,0.212677,0.652677,-0.047323,-0.627323,1.002677,1.572677,3.352677,2.282677,3.772677,4.432677,3.732677,2.872677,2.472677,1.842677,1.232677,1.972677,3.152677,2.192677,0.782677,0.862677,1.612677,2.042677,2.442677,2.462677,1.562677,1.792677,0.562677,-0.127323,-0.327323,-0.107323,-0.097323,-0.957323
1.842677,2.822677,4.042677,5.142677,3.422677,4.472677,1.152677,-0.337323,-0.377323,-1.387323,-1.267323,0.68267703,-0.657323,0.422677,-0.387323,3.762677,5.642677,4.972677,3.922677,5.002677,6.552677,6.482677,1.442677,0.832677,0.372677,-0.197323,1.372677,1.232677,-0.097323,0.632677,-0.207323,-0.117322996,-0.237323,-0.42732298,-0.207323,0.462677,1.752677,1.122677,2.912677,3.252677,3.672677,3.092677,2.682677,1.822677,1.092677,1.652677,1.792677,2.242677,0.782677,1.792677,2.452677,2.912677,3.562677,2.022677,2.512677,0.232677,-0.557323,-0.907323,-0.267323,0.222677,-0.907323,-1.077323
5.712677,4.242677,5.092677,3.802677,2.152677,1.412677,-0.727323,-0.787323,-0.697323,0.442677,0.282677,0.272677,1.102677,0.672677,1.862677,1.692677,4.592677,4.262677,6.372677,5.942677,7.812677,6.392677,0.882677,-0.077323,-0.617323,1.572677,1.422677,0.892677,-0.777323,-1.127323,-0.587323,-0.537323,-1.237323,-1.447323,0.162677,0.712677,-1.157323,-1.637323,0.242677,0.822677,2.752677,2.842677,3.492677,2.442677,1.172677,2.172677,1.642677,1.042677,0.68267703,2.672677,2.962677,3.622677,3.522677,3.252677,1.802677,0.652677,0.992677,0.622677,-0.607323,-0.967323,-1.067323,-1.147323
5.562677,6.522677,3.732677,4.202677,3.002677,0.032677002,-2.207323,-5.047323,-1.177323,0.962677,-0.027322998,-0.81732297,-1.197323,-0.037322998,-0.727323,-0.067323,0.182677,3.292677,3.742677,5.172677,6.782677,1.372677,0.152677,0.212677,0.462677,4.212677,3.432677,2.652677,2.092677,-0.297323,-0.42732298,-1.727323,-1.177323,-1.777323,-0.147323,2.522677,0.812677,2.742677,2.162677,2.902677,0.122677,0.622677,0.792677,1.342677,0.662677,1.542677,1.232677,1.612677,1.792677,2.522677,2.062677,2.802677,2.322677,1.432677,1.032677,1.552677,0.132677,-0.077323,0.152677,-0.197323,-0.897323,-0.577323
5.352677,7.392677,6.402677,4.732677,-1.987323,-4.507323,-4.247323,-5.847323,-6.317323,-1.717323,-2.577323,0.192677,0.102677,-0.047323,0.312677,0.472677,1.042677,-0.627323,-0.977323,0.502677,0.992677,1.402677,0.452677,-0.107323,2.852677,2.992677,3.172677,1.232677,0.162677,0.662677,-2.067323,0.222677,0.702677,0.172677,-1.087323,-1.437323,1.942677,3.962677,1.332677,2.012677,1.172677,-1.837323,-2.177323,1.732677,1.222677,0.062677,-0.037322998,0.842677,1.272677,1.122677,1.422677,1.902677,1.142677,0.062677,0.14267701,0.102677,0.502677,-0.517323,-0.767323,-0.837323,-1.107323,-1.427323
4.392677,5.782677,4.422677,0.32267702,0.082677,-2.097323,-4.587323,-5.707323,-6.407323,-5.977323,-4.447323,-3.047323,-1.757323,-1.797323,-2.027323,0.242677,-0.42732298,-1.237323,0.762677,-0.667323,1.202677,-0.277323,0.112677,0.432677,1.392677,1.952677,2.322677,2.072677,1.062677,0.032677002,-1.127323,-0.607323,-0.077323,-0.397323,-0.877323,0.092677005,0.422677,0.14267701,1.012677,1.172677,1.022677,1.112677,1.232677,1.982677,1.022677,1.022677,0.852677,1.202677,1.152677,0.802677,0.182677,1.592677,1.812677,0.312677,-0.417323,-0.267323,-1.157323,-0.467323,-0.737323,-0.557323,-1.727323,-1.397323
6.642677,2.902677,4.412677,1.932677,1.172677,-0.917323,-4.237323,-5.507323,-6.457323,-7.167323,-5.807323,-5.697323,-5.157323,-3.977323,-3.457323,-2.547323,-2.797323,-7.047323,-1.147323,0.002677002,-0.877323,-0.13732299,0.312677,-0.727323,1.672677,1.372677,2.882677,2.132677,0.892677,-0.717323,-1.487323,-1.647323,-1.637323,-1.207323,-1.267323,-0.977323,-0.777323,-0.387323,-0.417323,0.352677,0.612677,0.372677,0.29267702,0.822677,1.902677,1.172677,0.552677,1.542677,1.272677,1.082677,-0.577323,1.312677,0.312677,-1.127323,-1.187323,-0.857323,-1.417323,-1.657323,-2.047323,-1.377323,-0.827323,-1.957323
8.412677,6.462677,4.182677,2.932677,0.842677,-2.287323,-4.737323,-5.797323,-6.337323,-5.877323,-5.507323,-4.897323,-4.907323,-4.527323,-4.727323,-4.987323,-3.887323,-7.007323,-1.477323,-1.537323,-1.647323,0.612677,-0.497323,0.242677,1.112677,0.482677,-0.077323,-0.517323,-0.887323,-2.277323,-2.707323,-3.097323,-2.757323,-2.277323,-1.937323,-1.707323,-1.007323,-0.167323,-0.507323,-0.347323,0.102677,0.622677,1.132677,0.842677,1.602677,1.732677,0.832677,1.382677,0.582677,1.122677,0.952677,0.202677,-0.45732298,-1.247323,-1.057323,-0.057322998,-0.097323,-0.917323,-0.877323,-1.457323,-1.477323,-2.017323
8.212677,5.942677,3.202677,1.592677,0.002677002,-2.937323,-5.237323,-6.567323,-6.427323,-5.357323,-5.097323,-4.727323,-5.847323,-5.827323,-3.807323,-3.427323,-3.717323,-4.787323,-4.447323,-1.187323,-3.367323,-2.577323,-1.517323,-0.307323,-2.687323,-2.007323,-1.367323,-0.877323,-1.397323,-3.597323,-2.847323,-2.137323,-2.367323,-2.307323,-2.497323,-2.267323,-1.407323,-0.987323,-0.647323,-0.277323,-0.147323,0.152677,1.002677,1.722677,1.312677,1.262677,0.892677,0.712677,1.302677,0.452677,0.492677,-1.107323,-0.887323,-1.877323,-2.867323,-0.24732299,0.282677,-0.747323,-1.837323,-0.967323,-2.057323,-0.717323
7.122677,5.672677,4.372677,1.382677,-2.217323,-3.727323,-5.897323,-6.627323,-5.617323,-5.957323,-5.967323,-5.727323,-5.077323,-4.367323,-4.157323,-4.647323,-4.357323,-4.927323,-2.747323,-1.507323,-1.177323,-1.647323,-1.947323,-1.327323,-2.347323,-0.24732299,-1.827323,-2.187323,-1.357323,-3.967323,-3.417323,-3.207323,-2.917323,-3.067323,-3.497323,-3.657323,-2.547323,-1.347323,-1.017323,-0.377323,-0.0073229983,0.14267701,0.93267703,1.482677,1.672677,0.882677,0.002677002,0.342677,0.602677,0.32267702,-0.217323,-0.667323,-1.007323,-1.447323,-1.097323,-0.937323,-0.157323,-1.247323,-1.257323,-1.837323,-2.137323,-2.817323
6.392677,4.302677,2.212677,0.002677002,-3.457323,-3.547323,-7.367323,-6.397323,-5.767323,-5.727323,-5.657323,-4.907323,-4.337323,-3.847323,-4.017323,-3.387323,-2.487323,-2.247323,-1.067323,-2.937323,-2.787323,-0.757323,-0.45732298,-1.207323,-1.997323,-5.407323,0.352677,-2.927323,-1.137323,-3.897323,-3.647323,-3.927323,-3.507323,-4.007323,-5.047323,-4.297323,-4.037323,-3.267323,-0.687323,-0.807323,-0.597323,-0.667323,1.242677,1.422677,1.162677,0.922677,-0.42732298,0.922677,0.732677,0.422677,0.332677,0.68267703,-0.56732297,-1.237323,-1.297323,-1.937323,-1.127323,-2.067323,-2.717323,-2.977323,-1.697323,-1.867323
4.912677,3.822677,2.272677,-1.807323,-3.707323,-4.737323,-5.757323,-5.927323,-5.797323,-5.637323,-5.777323,-4.187323,-4.737323,-3.367323,-2.347323,-1.737323,-2.607323,-1.827323,-2.497323,-2.577323,-0.477323,-1.497323,-2.327323,-1.777323,-4.077323,-5.117323,-5.547323,-0.237323,-0.357323,-3.847323,-5.227323,-5.187323,-4.747323,-4.437323,-4.457323,-5.427323,-4.737323,-0.267323,0.282677,-0.877323,-0.747323,-0.917323,1.062677,0.662677,0.002677002,-0.42732298,1.612677,0.542677,0.202677,2.522677,2.022677,0.452677,-0.437323,-0.807323,-2.117323,-1.827323,-2.457323,-2.707323,-3.127323,-3.687323,-3.127323,-2.917323
5.242677,3.832677,1.782677,-0.267323,-4.057323,-5.507323,-6.677323,-5.877323,-5.337323,-5.697323,-5.217323,-3.607323,-2.217323,-3.157323,-1.967323,-0.547323,1.102677,1.022677,0.252677,0.002677002,-0.24732299,-1.527323,-1.067323,-1.497323,-2.467323,1.102677,0.002677002,0.68267703,-0.467323,-0.017322998,-3.497323,-6.327323,-5.447323,-4.897323,-4.557323,-4.137323,0.582677,2.592677,1.702677,-0.467323,-3.897323,0.342677,0.632677,-0.367323,0.122677,-0.967323,0.442677,1.312677,0.182677,0.162677,0.93267703,2.052677,0.29267702,-0.42732298,-1.407323,-2.037323,-3.147323,-3.157323,-2.797323,-4.137323,-3.747323,-3.157323
